              precision    recall  f1-score   support

    airplane     0.9810    0.9810    0.9810      1000
  automobile     0.9762    0.9840    0.9801      1000
        bird     0.9789    0.9740    0.9764      1000
         cat     0.9509    0.9480    0.9494      1000
        deer     0.9771    0.9800    0.9785      1000
         dog     0.9628    0.9580    0.9604      1000
        frog     0.9851    0.9900    0.9875      1000
       horse     0.9870    0.9880    0.9875      1000
        ship     0.9821    0.9870    0.9845      1000
       truck     0.9818    0.9730    0.9774      1000

    accuracy                         0.9763     10000
   macro avg     0.9763    0.9763    0.9763     10000
weighted avg     0.9763    0.9763    0.9763     10000
