              precision    recall  f1-score   support

    airplane     0.9683    0.9770    0.9726      1000
  automobile     0.9799    0.9770    0.9785      1000
        bird     0.9695    0.9540    0.9617      1000
         cat     0.9235    0.9300    0.9268      1000
        deer     0.9702    0.9760    0.9731      1000
         dog     0.9362    0.9390    0.9376      1000
        frog     0.9870    0.9870    0.9870      1000
       horse     0.9838    0.9720    0.9779      1000
        ship     0.9761    0.9790    0.9775      1000
       truck     0.9751    0.9780    0.9765      1000

    accuracy                         0.9669     10000
   macro avg     0.9670    0.9669    0.9669     10000
weighted avg     0.9670    0.9669    0.9669     10000
